{
 "cells": [
  {
   "cell_type": "code",
   "execution_count": 1,
   "id": "a8d1d90f",
   "metadata": {},
   "outputs": [],
   "source": [
    "import pandas as pd\n",
    "import seaborn as sns"
   ]
  },
  {
   "cell_type": "code",
   "execution_count": 2,
   "id": "61dd5e09",
   "metadata": {},
   "outputs": [],
   "source": [
    "df= pd.read_csv(\"trans_us.csv\")"
   ]
  },
  {
   "cell_type": "code",
   "execution_count": 3,
   "id": "1018a836",
   "metadata": {
    "scrolled": true
   },
   "outputs": [
    {
     "data": {
      "text/html": [
       "<div>\n",
       "<style scoped>\n",
       "    .dataframe tbody tr th:only-of-type {\n",
       "        vertical-align: middle;\n",
       "    }\n",
       "\n",
       "    .dataframe tbody tr th {\n",
       "        vertical-align: top;\n",
       "    }\n",
       "\n",
       "    .dataframe thead th {\n",
       "        text-align: right;\n",
       "    }\n",
       "</style>\n",
       "<table border=\"1\" class=\"dataframe\">\n",
       "  <thead>\n",
       "    <tr style=\"text-align: right;\">\n",
       "      <th></th>\n",
       "      <th>TB prevalence, all forms (per 100 000 population per year)</th>\n",
       "      <th>1990</th>\n",
       "      <th>1991</th>\n",
       "      <th>1992</th>\n",
       "      <th>1993</th>\n",
       "      <th>1994</th>\n",
       "      <th>1995</th>\n",
       "      <th>1996</th>\n",
       "      <th>1997</th>\n",
       "      <th>1998</th>\n",
       "      <th>1999</th>\n",
       "      <th>2000</th>\n",
       "      <th>2001</th>\n",
       "      <th>2002</th>\n",
       "      <th>2003</th>\n",
       "      <th>2004</th>\n",
       "      <th>2005</th>\n",
       "      <th>2006</th>\n",
       "      <th>2007</th>\n",
       "    </tr>\n",
       "  </thead>\n",
       "  <tbody>\n",
       "    <tr>\n",
       "      <th>0</th>\n",
       "      <td>Afghanistan</td>\n",
       "      <td>436</td>\n",
       "      <td>429</td>\n",
       "      <td>422</td>\n",
       "      <td>415</td>\n",
       "      <td>407</td>\n",
       "      <td>397</td>\n",
       "      <td>397</td>\n",
       "      <td>387</td>\n",
       "      <td>374</td>\n",
       "      <td>373</td>\n",
       "      <td>346</td>\n",
       "      <td>326</td>\n",
       "      <td>304</td>\n",
       "      <td>308</td>\n",
       "      <td>283</td>\n",
       "      <td>267</td>\n",
       "      <td>251</td>\n",
       "      <td>238</td>\n",
       "    </tr>\n",
       "    <tr>\n",
       "      <th>1</th>\n",
       "      <td>Albania</td>\n",
       "      <td>42</td>\n",
       "      <td>40</td>\n",
       "      <td>41</td>\n",
       "      <td>42</td>\n",
       "      <td>42</td>\n",
       "      <td>43</td>\n",
       "      <td>42</td>\n",
       "      <td>44</td>\n",
       "      <td>43</td>\n",
       "      <td>42</td>\n",
       "      <td>40</td>\n",
       "      <td>34</td>\n",
       "      <td>32</td>\n",
       "      <td>32</td>\n",
       "      <td>29</td>\n",
       "      <td>29</td>\n",
       "      <td>26</td>\n",
       "      <td>22</td>\n",
       "    </tr>\n",
       "    <tr>\n",
       "      <th>2</th>\n",
       "      <td>Algeria</td>\n",
       "      <td>45</td>\n",
       "      <td>44</td>\n",
       "      <td>44</td>\n",
       "      <td>43</td>\n",
       "      <td>43</td>\n",
       "      <td>42</td>\n",
       "      <td>43</td>\n",
       "      <td>44</td>\n",
       "      <td>45</td>\n",
       "      <td>46</td>\n",
       "      <td>48</td>\n",
       "      <td>49</td>\n",
       "      <td>50</td>\n",
       "      <td>51</td>\n",
       "      <td>52</td>\n",
       "      <td>53</td>\n",
       "      <td>55</td>\n",
       "      <td>56</td>\n",
       "    </tr>\n",
       "    <tr>\n",
       "      <th>3</th>\n",
       "      <td>American Samoa</td>\n",
       "      <td>42</td>\n",
       "      <td>14</td>\n",
       "      <td>4</td>\n",
       "      <td>18</td>\n",
       "      <td>17</td>\n",
       "      <td>22</td>\n",
       "      <td>0</td>\n",
       "      <td>25</td>\n",
       "      <td>12</td>\n",
       "      <td>8</td>\n",
       "      <td>8</td>\n",
       "      <td>6</td>\n",
       "      <td>5</td>\n",
       "      <td>6</td>\n",
       "      <td>9</td>\n",
       "      <td>11</td>\n",
       "      <td>9</td>\n",
       "      <td>5</td>\n",
       "    </tr>\n",
       "    <tr>\n",
       "      <th>4</th>\n",
       "      <td>Andorra</td>\n",
       "      <td>39</td>\n",
       "      <td>37</td>\n",
       "      <td>35</td>\n",
       "      <td>33</td>\n",
       "      <td>32</td>\n",
       "      <td>30</td>\n",
       "      <td>28</td>\n",
       "      <td>23</td>\n",
       "      <td>24</td>\n",
       "      <td>22</td>\n",
       "      <td>20</td>\n",
       "      <td>20</td>\n",
       "      <td>21</td>\n",
       "      <td>18</td>\n",
       "      <td>19</td>\n",
       "      <td>18</td>\n",
       "      <td>17</td>\n",
       "      <td>19</td>\n",
       "    </tr>\n",
       "  </tbody>\n",
       "</table>\n",
       "</div>"
      ],
      "text/plain": [
       "  TB prevalence, all forms (per 100 000 population per year) 1990 1991 1992  \\\n",
       "0                                        Afghanistan          436  429  422   \n",
       "1                                            Albania           42   40   41   \n",
       "2                                            Algeria           45   44   44   \n",
       "3                                     American Samoa           42   14    4   \n",
       "4                                            Andorra           39   37   35   \n",
       "\n",
       "  1993 1994 1995  1996  1997  1998  1999  2000  2001  2002  2003 2004 2005  \\\n",
       "0  415  407  397   397   387   374   373   346   326   304   308  283  267   \n",
       "1   42   42   43    42    44    43    42    40    34    32    32   29   29   \n",
       "2   43   43   42    43    44    45    46    48    49    50    51   52   53   \n",
       "3   18   17   22     0    25    12     8     8     6     5     6    9   11   \n",
       "4   33   32   30    28    23    24    22    20    20    21    18   19   18   \n",
       "\n",
       "  2006 2007  \n",
       "0  251  238  \n",
       "1   26   22  \n",
       "2   55   56  \n",
       "3    9    5  \n",
       "4   17   19  "
      ]
     },
     "execution_count": 3,
     "metadata": {},
     "output_type": "execute_result"
    }
   ],
   "source": [
    "df.head()"
   ]
  },
  {
   "cell_type": "code",
   "execution_count": 4,
   "id": "d199aa6d",
   "metadata": {
    "scrolled": true
   },
   "outputs": [
    {
     "name": "stdout",
     "output_type": "stream",
     "text": [
      "<class 'pandas.core.frame.DataFrame'>\n",
      "RangeIndex: 207 entries, 0 to 206\n",
      "Data columns (total 19 columns):\n",
      " #   Column                                                      Non-Null Count  Dtype \n",
      "---  ------                                                      --------------  ----- \n",
      " 0   TB prevalence, all forms (per 100 000 population per year)  207 non-null    object\n",
      " 1   1990                                                        207 non-null    object\n",
      " 2   1991                                                        207 non-null    object\n",
      " 3   1992                                                        207 non-null    object\n",
      " 4   1993                                                        207 non-null    object\n",
      " 5   1994                                                        207 non-null    object\n",
      " 6   1995                                                        207 non-null    object\n",
      " 7   1996                                                        207 non-null    int64 \n",
      " 8   1997                                                        207 non-null    int64 \n",
      " 9   1998                                                        207 non-null    int64 \n",
      " 10  1999                                                        207 non-null    int64 \n",
      " 11  2000                                                        207 non-null    int64 \n",
      " 12  2001                                                        207 non-null    int64 \n",
      " 13  2002                                                        207 non-null    int64 \n",
      " 14  2003                                                        207 non-null    int64 \n",
      " 15  2004                                                        207 non-null    object\n",
      " 16  2005                                                        207 non-null    object\n",
      " 17  2006                                                        207 non-null    object\n",
      " 18  2007                                                        207 non-null    object\n",
      "dtypes: int64(8), object(11)\n",
      "memory usage: 30.9+ KB\n"
     ]
    }
   ],
   "source": [
    "df.info()"
   ]
  },
  {
   "cell_type": "code",
   "execution_count": 5,
   "id": "a5095115",
   "metadata": {
    "scrolled": false
   },
   "outputs": [
    {
     "name": "stdout",
     "output_type": "stream",
     "text": [
      "251 <class 'str'>\n",
      "26 <class 'str'>\n",
      "55 <class 'str'>\n",
      "9 <class 'str'>\n",
      "17 <class 'str'>\n",
      "302 <class 'str'>\n",
      "34 <class 'str'>\n",
      "9 <class 'str'>\n",
      "37 <class 'str'>\n",
      "79 <class 'str'>\n",
      "6 <class 'str'>\n",
      "10 <class 'str'>\n",
      "86 <class 'str'>\n",
      "50 <class 'str'>\n",
      "45 <class 'str'>\n",
      "392 <class 'str'>\n",
      "3 <class 'str'>\n",
      "69 <class 'str'>\n",
      "10 <class 'str'>\n",
      "41 <class 'str'>\n",
      "134 <class 'str'>\n",
      "6 <class 'str'>\n",
      "406 <class 'str'>\n",
      "202 <class 'str'>\n",
      "58 <class 'str'>\n",
      "621 <class 'str'>\n",
      "56 <class 'str'>\n",
      "16 <class 'str'>\n",
      "59 <class 'str'>\n",
      "40 <class 'str'>\n",
      "411 <class 'str'>\n",
      "657 <class 'str'>\n",
      "672 <class 'str'>\n",
      "201 <class 'str'>\n",
      "4 <class 'str'>\n",
      "285 <class 'str'>\n",
      "6 <class 'str'>\n",
      "437 <class 'str'>\n",
      "505 <class 'str'>\n",
      "13 <class 'str'>\n",
      "200 <class 'str'>\n",
      "44 <class 'str'>\n",
      "86 <class 'str'>\n",
      "511 <class 'str'>\n",
      "16 <class 'str'>\n",
      "12 <class 'str'>\n",
      "65 <class 'str'>\n",
      "8 <class 'str'>\n",
      "6 <class 'str'>\n",
      "10 <class 'str'>\n",
      "597 <class 'str'>\n",
      "500 <class 'str'>\n",
      "692 <class 'str'>\n",
      "7 <class 'str'>\n",
      "1,093 <class 'str'>\n",
      "13 <class 'str'>\n",
      "84 <class 'str'>\n",
      "148 <class 'str'>\n",
      "27 <class 'str'>\n",
      "50 <class 'str'>\n",
      "358 <class 'str'>\n",
      "133 <class 'str'>\n",
      "44 <class 'str'>\n",
      "604 <class 'str'>\n",
      "30 <class 'str'>\n",
      "5 <class 'str'>\n",
      "11 <class 'str'>\n",
      "31 <class 'str'>\n",
      "358 <class 'str'>\n",
      "399 <class 'str'>\n",
      "83 <class 'str'>\n",
      "5 <class 'str'>\n",
      "355 <class 'str'>\n",
      "16 <class 'str'>\n",
      "7 <class 'str'>\n",
      "39 <class 'str'>\n",
      "84 <class 'str'>\n",
      "426 <class 'str'>\n",
      "270 <class 'str'>\n",
      "133 <class 'str'>\n",
      "368 <class 'str'>\n",
      "70 <class 'str'>\n",
      "22 <class 'str'>\n",
      "3 <class 'str'>\n",
      "290 <class 'str'>\n",
      "251 <class 'str'>\n",
      "29 <class 'str'>\n",
      "78 <class 'str'>\n",
      "10 <class 'str'>\n",
      "6 <class 'str'>\n",
      "6 <class 'str'>\n",
      "7 <class 'str'>\n",
      "30 <class 'str'>\n",
      "9 <class 'str'>\n",
      "144 <class 'str'>\n",
      "340 <class 'str'>\n",
      "405 <class 'str'>\n",
      "25 <class 'str'>\n",
      "135 <class 'str'>\n",
      "291 <class 'str'>\n",
      "61 <class 'str'>\n",
      "23 <class 'str'>\n",
      "408 <class 'str'>\n",
      "393 <class 'str'>\n",
      "18 <class 'str'>\n",
      "65 <class 'str'>\n",
      "10 <class 'str'>\n",
      "400 <class 'str'>\n",
      "324 <class 'str'>\n",
      "123 <class 'str'>\n",
      "69 <class 'str'>\n",
      "593 <class 'str'>\n",
      "5 <class 'str'>\n",
      "556 <class 'str'>\n",
      "39 <class 'str'>\n",
      "25 <class 'str'>\n",
      "112 <class 'str'>\n",
      "2 <class 'str'>\n",
      "217 <class 'str'>\n",
      "12 <class 'str'>\n",
      "82 <class 'str'>\n",
      "528 <class 'str'>\n",
      "161 <class 'str'>\n",
      "556 <class 'str'>\n",
      "174 <class 'str'>\n",
      "246 <class 'str'>\n",
      "6 <class 'str'>\n",
      "15 <class 'str'>\n",
      "25 <class 'str'>\n",
      "8 <class 'str'>\n",
      "64 <class 'str'>\n",
      "289 <class 'str'>\n",
      "543 <class 'str'>\n",
      "0 <class 'str'>\n",
      "83 <class 'str'>\n",
      "4 <class 'str'>\n",
      "13 <class 'str'>\n",
      "260 <class 'str'>\n",
      "74 <class 'str'>\n",
      "44 <class 'str'>\n",
      "441 <class 'str'>\n",
      "74 <class 'str'>\n",
      "143 <class 'str'>\n",
      "505 <class 'str'>\n",
      "29 <class 'str'>\n",
      "24 <class 'str'>\n",
      "6 <class 'str'>\n",
      "77 <class 'str'>\n",
      "122 <class 'str'>\n",
      "151 <class 'str'>\n",
      "138 <class 'str'>\n",
      "117 <class 'str'>\n",
      "595 <class 'str'>\n",
      "14 <class 'str'>\n",
      "18 <class 'str'>\n",
      "34 <class 'str'>\n",
      "26 <class 'str'>\n",
      "5 <class 'str'>\n",
      "252 <class 'str'>\n",
      "62 <class 'str'>\n",
      "461 <class 'str'>\n",
      "56 <class 'str'>\n",
      "902 <class 'str'>\n",
      "27 <class 'str'>\n",
      "20 <class 'str'>\n",
      "16 <class 'str'>\n",
      "197 <class 'str'>\n",
      "341 <class 'str'>\n",
      "690 <class 'str'>\n",
      "24 <class 'str'>\n",
      "80 <class 'str'>\n",
      "391 <class 'str'>\n",
      "146 <class 'str'>\n",
      "801 <class 'str'>\n",
      "4 <class 'str'>\n",
      "5 <class 'str'>\n",
      "29 <class 'str'>\n",
      "301 <class 'str'>\n",
      "189 <class 'str'>\n",
      "34 <class 'str'>\n",
      "385 <class 'str'>\n",
      "726 <class 'str'>\n",
      "0 <class 'str'>\n",
      "34 <class 'str'>\n",
      "15 <class 'str'>\n",
      "28 <class 'str'>\n",
      "32 <class 'str'>\n",
      "85 <class 'str'>\n",
      "18 <class 'str'>\n",
      "261 <class 'str'>\n",
      "450 <class 'str'>\n",
      "99 <class 'str'>\n",
      "24 <class 'str'>\n",
      "11 <class 'str'>\n",
      "353 <class 'str'>\n",
      "16 <class 'str'>\n",
      "3 <class 'str'>\n",
      "25 <class 'str'>\n",
      "134 <class 'str'>\n",
      "104 <class 'str'>\n",
      "38 <class 'str'>\n",
      "222 <class 'str'>\n",
      "60 <class 'str'>\n",
      "32 <class 'str'>\n",
      "135 <class 'str'>\n",
      "422 <class 'str'>\n",
      "699 <class 'str'>\n"
     ]
    }
   ],
   "source": [
    "for each in df['2006']:\n",
    "    print(each, type(each))"
   ]
  },
  {
   "cell_type": "code",
   "execution_count": 6,
   "id": "a429038b",
   "metadata": {},
   "outputs": [],
   "source": [
    "df= pd.read_csv(\"trans_us.csv\", thousands=',')"
   ]
  },
  {
   "cell_type": "code",
   "execution_count": 7,
   "id": "18dc9240",
   "metadata": {},
   "outputs": [
    {
     "name": "stdout",
     "output_type": "stream",
     "text": [
      "<class 'pandas.core.frame.DataFrame'>\n",
      "RangeIndex: 207 entries, 0 to 206\n",
      "Data columns (total 19 columns):\n",
      " #   Column                                                      Non-Null Count  Dtype \n",
      "---  ------                                                      --------------  ----- \n",
      " 0   TB prevalence, all forms (per 100 000 population per year)  207 non-null    object\n",
      " 1   1990                                                        207 non-null    int64 \n",
      " 2   1991                                                        207 non-null    int64 \n",
      " 3   1992                                                        207 non-null    int64 \n",
      " 4   1993                                                        207 non-null    int64 \n",
      " 5   1994                                                        207 non-null    int64 \n",
      " 6   1995                                                        207 non-null    int64 \n",
      " 7   1996                                                        207 non-null    int64 \n",
      " 8   1997                                                        207 non-null    int64 \n",
      " 9   1998                                                        207 non-null    int64 \n",
      " 10  1999                                                        207 non-null    int64 \n",
      " 11  2000                                                        207 non-null    int64 \n",
      " 12  2001                                                        207 non-null    int64 \n",
      " 13  2002                                                        207 non-null    int64 \n",
      " 14  2003                                                        207 non-null    int64 \n",
      " 15  2004                                                        207 non-null    int64 \n",
      " 16  2005                                                        207 non-null    int64 \n",
      " 17  2006                                                        207 non-null    int64 \n",
      " 18  2007                                                        207 non-null    int64 \n",
      "dtypes: int64(18), object(1)\n",
      "memory usage: 30.9+ KB\n"
     ]
    }
   ],
   "source": [
    "df.info()"
   ]
  },
  {
   "cell_type": "code",
   "execution_count": 8,
   "id": "647f5a2a",
   "metadata": {},
   "outputs": [
    {
     "data": {
      "text/plain": [
       "'TB prevalence, all forms (per 100 000 population per year)'"
      ]
     },
     "execution_count": 8,
     "metadata": {},
     "output_type": "execute_result"
    }
   ],
   "source": [
    "df.columns[0]"
   ]
  },
  {
   "cell_type": "code",
   "execution_count": 9,
   "id": "f1ff9151",
   "metadata": {},
   "outputs": [],
   "source": [
    "df.set_index(df.columns[0], inplace=True)"
   ]
  },
  {
   "cell_type": "code",
   "execution_count": 10,
   "id": "82182cfd",
   "metadata": {},
   "outputs": [],
   "source": [
    "corr = df.corr()"
   ]
  },
  {
   "cell_type": "code",
   "execution_count": 11,
   "id": "074f096a",
   "metadata": {},
   "outputs": [
    {
     "data": {
      "text/html": [
       "<div>\n",
       "<style scoped>\n",
       "    .dataframe tbody tr th:only-of-type {\n",
       "        vertical-align: middle;\n",
       "    }\n",
       "\n",
       "    .dataframe tbody tr th {\n",
       "        vertical-align: top;\n",
       "    }\n",
       "\n",
       "    .dataframe thead th {\n",
       "        text-align: right;\n",
       "    }\n",
       "</style>\n",
       "<table border=\"1\" class=\"dataframe\">\n",
       "  <thead>\n",
       "    <tr style=\"text-align: right;\">\n",
       "      <th></th>\n",
       "      <th>1990</th>\n",
       "      <th>1991</th>\n",
       "      <th>1992</th>\n",
       "      <th>1993</th>\n",
       "      <th>1994</th>\n",
       "      <th>1995</th>\n",
       "      <th>1996</th>\n",
       "      <th>1997</th>\n",
       "      <th>1998</th>\n",
       "      <th>1999</th>\n",
       "      <th>2000</th>\n",
       "      <th>2001</th>\n",
       "      <th>2002</th>\n",
       "      <th>2003</th>\n",
       "      <th>2004</th>\n",
       "      <th>2005</th>\n",
       "      <th>2006</th>\n",
       "      <th>2007</th>\n",
       "    </tr>\n",
       "  </thead>\n",
       "  <tbody>\n",
       "    <tr>\n",
       "      <th>1990</th>\n",
       "      <td>1.000000</td>\n",
       "      <td>0.995243</td>\n",
       "      <td>0.993136</td>\n",
       "      <td>0.988361</td>\n",
       "      <td>0.978370</td>\n",
       "      <td>0.974970</td>\n",
       "      <td>0.939603</td>\n",
       "      <td>0.922938</td>\n",
       "      <td>0.910414</td>\n",
       "      <td>0.877108</td>\n",
       "      <td>0.876217</td>\n",
       "      <td>0.851711</td>\n",
       "      <td>0.830585</td>\n",
       "      <td>0.811027</td>\n",
       "      <td>0.805518</td>\n",
       "      <td>0.796476</td>\n",
       "      <td>0.796594</td>\n",
       "      <td>0.783882</td>\n",
       "    </tr>\n",
       "    <tr>\n",
       "      <th>1991</th>\n",
       "      <td>0.995243</td>\n",
       "      <td>1.000000</td>\n",
       "      <td>0.994514</td>\n",
       "      <td>0.992843</td>\n",
       "      <td>0.981839</td>\n",
       "      <td>0.981038</td>\n",
       "      <td>0.946694</td>\n",
       "      <td>0.933391</td>\n",
       "      <td>0.919907</td>\n",
       "      <td>0.883855</td>\n",
       "      <td>0.884500</td>\n",
       "      <td>0.859716</td>\n",
       "      <td>0.846672</td>\n",
       "      <td>0.825474</td>\n",
       "      <td>0.819661</td>\n",
       "      <td>0.810025</td>\n",
       "      <td>0.810426</td>\n",
       "      <td>0.795005</td>\n",
       "    </tr>\n",
       "    <tr>\n",
       "      <th>1992</th>\n",
       "      <td>0.993136</td>\n",
       "      <td>0.994514</td>\n",
       "      <td>1.000000</td>\n",
       "      <td>0.995479</td>\n",
       "      <td>0.985419</td>\n",
       "      <td>0.988841</td>\n",
       "      <td>0.953394</td>\n",
       "      <td>0.939430</td>\n",
       "      <td>0.930020</td>\n",
       "      <td>0.893030</td>\n",
       "      <td>0.893332</td>\n",
       "      <td>0.871380</td>\n",
       "      <td>0.851307</td>\n",
       "      <td>0.833879</td>\n",
       "      <td>0.830288</td>\n",
       "      <td>0.820549</td>\n",
       "      <td>0.820372</td>\n",
       "      <td>0.805570</td>\n",
       "    </tr>\n",
       "    <tr>\n",
       "      <th>1993</th>\n",
       "      <td>0.988361</td>\n",
       "      <td>0.992843</td>\n",
       "      <td>0.995479</td>\n",
       "      <td>1.000000</td>\n",
       "      <td>0.995476</td>\n",
       "      <td>0.993672</td>\n",
       "      <td>0.957075</td>\n",
       "      <td>0.943910</td>\n",
       "      <td>0.932990</td>\n",
       "      <td>0.907153</td>\n",
       "      <td>0.902192</td>\n",
       "      <td>0.879721</td>\n",
       "      <td>0.862921</td>\n",
       "      <td>0.844971</td>\n",
       "      <td>0.839034</td>\n",
       "      <td>0.831206</td>\n",
       "      <td>0.829932</td>\n",
       "      <td>0.814537</td>\n",
       "    </tr>\n",
       "    <tr>\n",
       "      <th>1994</th>\n",
       "      <td>0.978370</td>\n",
       "      <td>0.981839</td>\n",
       "      <td>0.985419</td>\n",
       "      <td>0.995476</td>\n",
       "      <td>1.000000</td>\n",
       "      <td>0.989377</td>\n",
       "      <td>0.955783</td>\n",
       "      <td>0.943229</td>\n",
       "      <td>0.932789</td>\n",
       "      <td>0.920510</td>\n",
       "      <td>0.910996</td>\n",
       "      <td>0.888867</td>\n",
       "      <td>0.871076</td>\n",
       "      <td>0.855114</td>\n",
       "      <td>0.844902</td>\n",
       "      <td>0.840487</td>\n",
       "      <td>0.837333</td>\n",
       "      <td>0.824560</td>\n",
       "    </tr>\n",
       "    <tr>\n",
       "      <th>1995</th>\n",
       "      <td>0.974970</td>\n",
       "      <td>0.981038</td>\n",
       "      <td>0.988841</td>\n",
       "      <td>0.993672</td>\n",
       "      <td>0.989377</td>\n",
       "      <td>1.000000</td>\n",
       "      <td>0.962160</td>\n",
       "      <td>0.953388</td>\n",
       "      <td>0.946348</td>\n",
       "      <td>0.919800</td>\n",
       "      <td>0.918617</td>\n",
       "      <td>0.899211</td>\n",
       "      <td>0.884274</td>\n",
       "      <td>0.866674</td>\n",
       "      <td>0.863748</td>\n",
       "      <td>0.853348</td>\n",
       "      <td>0.851412</td>\n",
       "      <td>0.836403</td>\n",
       "    </tr>\n",
       "    <tr>\n",
       "      <th>1996</th>\n",
       "      <td>0.939603</td>\n",
       "      <td>0.946694</td>\n",
       "      <td>0.953394</td>\n",
       "      <td>0.957075</td>\n",
       "      <td>0.955783</td>\n",
       "      <td>0.962160</td>\n",
       "      <td>1.000000</td>\n",
       "      <td>0.988486</td>\n",
       "      <td>0.977234</td>\n",
       "      <td>0.954736</td>\n",
       "      <td>0.948213</td>\n",
       "      <td>0.928648</td>\n",
       "      <td>0.905454</td>\n",
       "      <td>0.884497</td>\n",
       "      <td>0.871239</td>\n",
       "      <td>0.863069</td>\n",
       "      <td>0.859173</td>\n",
       "      <td>0.842412</td>\n",
       "    </tr>\n",
       "    <tr>\n",
       "      <th>1997</th>\n",
       "      <td>0.922938</td>\n",
       "      <td>0.933391</td>\n",
       "      <td>0.939430</td>\n",
       "      <td>0.943910</td>\n",
       "      <td>0.943229</td>\n",
       "      <td>0.953388</td>\n",
       "      <td>0.988486</td>\n",
       "      <td>1.000000</td>\n",
       "      <td>0.990001</td>\n",
       "      <td>0.967060</td>\n",
       "      <td>0.958720</td>\n",
       "      <td>0.943306</td>\n",
       "      <td>0.911087</td>\n",
       "      <td>0.903714</td>\n",
       "      <td>0.890812</td>\n",
       "      <td>0.880909</td>\n",
       "      <td>0.876175</td>\n",
       "      <td>0.859172</td>\n",
       "    </tr>\n",
       "    <tr>\n",
       "      <th>1998</th>\n",
       "      <td>0.910414</td>\n",
       "      <td>0.919907</td>\n",
       "      <td>0.930020</td>\n",
       "      <td>0.932990</td>\n",
       "      <td>0.932789</td>\n",
       "      <td>0.946348</td>\n",
       "      <td>0.977234</td>\n",
       "      <td>0.990001</td>\n",
       "      <td>1.000000</td>\n",
       "      <td>0.976585</td>\n",
       "      <td>0.976321</td>\n",
       "      <td>0.960125</td>\n",
       "      <td>0.926572</td>\n",
       "      <td>0.924827</td>\n",
       "      <td>0.916041</td>\n",
       "      <td>0.906900</td>\n",
       "      <td>0.901889</td>\n",
       "      <td>0.885466</td>\n",
       "    </tr>\n",
       "    <tr>\n",
       "      <th>1999</th>\n",
       "      <td>0.877108</td>\n",
       "      <td>0.883855</td>\n",
       "      <td>0.893030</td>\n",
       "      <td>0.907153</td>\n",
       "      <td>0.920510</td>\n",
       "      <td>0.919800</td>\n",
       "      <td>0.954736</td>\n",
       "      <td>0.967060</td>\n",
       "      <td>0.976585</td>\n",
       "      <td>1.000000</td>\n",
       "      <td>0.981751</td>\n",
       "      <td>0.971115</td>\n",
       "      <td>0.941380</td>\n",
       "      <td>0.939084</td>\n",
       "      <td>0.925982</td>\n",
       "      <td>0.923436</td>\n",
       "      <td>0.917431</td>\n",
       "      <td>0.908658</td>\n",
       "    </tr>\n",
       "    <tr>\n",
       "      <th>2000</th>\n",
       "      <td>0.876217</td>\n",
       "      <td>0.884500</td>\n",
       "      <td>0.893332</td>\n",
       "      <td>0.902192</td>\n",
       "      <td>0.910996</td>\n",
       "      <td>0.918617</td>\n",
       "      <td>0.948213</td>\n",
       "      <td>0.958720</td>\n",
       "      <td>0.976321</td>\n",
       "      <td>0.981751</td>\n",
       "      <td>1.000000</td>\n",
       "      <td>0.989182</td>\n",
       "      <td>0.955910</td>\n",
       "      <td>0.961550</td>\n",
       "      <td>0.953514</td>\n",
       "      <td>0.950048</td>\n",
       "      <td>0.944111</td>\n",
       "      <td>0.933789</td>\n",
       "    </tr>\n",
       "    <tr>\n",
       "      <th>2001</th>\n",
       "      <td>0.851711</td>\n",
       "      <td>0.859716</td>\n",
       "      <td>0.871380</td>\n",
       "      <td>0.879721</td>\n",
       "      <td>0.888867</td>\n",
       "      <td>0.899211</td>\n",
       "      <td>0.928648</td>\n",
       "      <td>0.943306</td>\n",
       "      <td>0.960125</td>\n",
       "      <td>0.971115</td>\n",
       "      <td>0.989182</td>\n",
       "      <td>1.000000</td>\n",
       "      <td>0.965859</td>\n",
       "      <td>0.977187</td>\n",
       "      <td>0.969632</td>\n",
       "      <td>0.966848</td>\n",
       "      <td>0.961059</td>\n",
       "      <td>0.953318</td>\n",
       "    </tr>\n",
       "    <tr>\n",
       "      <th>2002</th>\n",
       "      <td>0.830585</td>\n",
       "      <td>0.846672</td>\n",
       "      <td>0.851307</td>\n",
       "      <td>0.862921</td>\n",
       "      <td>0.871076</td>\n",
       "      <td>0.884274</td>\n",
       "      <td>0.905454</td>\n",
       "      <td>0.911087</td>\n",
       "      <td>0.926572</td>\n",
       "      <td>0.941380</td>\n",
       "      <td>0.955910</td>\n",
       "      <td>0.965859</td>\n",
       "      <td>1.000000</td>\n",
       "      <td>0.979886</td>\n",
       "      <td>0.973346</td>\n",
       "      <td>0.969091</td>\n",
       "      <td>0.964711</td>\n",
       "      <td>0.958411</td>\n",
       "    </tr>\n",
       "    <tr>\n",
       "      <th>2003</th>\n",
       "      <td>0.811027</td>\n",
       "      <td>0.825474</td>\n",
       "      <td>0.833879</td>\n",
       "      <td>0.844971</td>\n",
       "      <td>0.855114</td>\n",
       "      <td>0.866674</td>\n",
       "      <td>0.884497</td>\n",
       "      <td>0.903714</td>\n",
       "      <td>0.924827</td>\n",
       "      <td>0.939084</td>\n",
       "      <td>0.961550</td>\n",
       "      <td>0.977187</td>\n",
       "      <td>0.979886</td>\n",
       "      <td>1.000000</td>\n",
       "      <td>0.994460</td>\n",
       "      <td>0.992569</td>\n",
       "      <td>0.988365</td>\n",
       "      <td>0.983032</td>\n",
       "    </tr>\n",
       "    <tr>\n",
       "      <th>2004</th>\n",
       "      <td>0.805518</td>\n",
       "      <td>0.819661</td>\n",
       "      <td>0.830288</td>\n",
       "      <td>0.839034</td>\n",
       "      <td>0.844902</td>\n",
       "      <td>0.863748</td>\n",
       "      <td>0.871239</td>\n",
       "      <td>0.890812</td>\n",
       "      <td>0.916041</td>\n",
       "      <td>0.925982</td>\n",
       "      <td>0.953514</td>\n",
       "      <td>0.969632</td>\n",
       "      <td>0.973346</td>\n",
       "      <td>0.994460</td>\n",
       "      <td>1.000000</td>\n",
       "      <td>0.996010</td>\n",
       "      <td>0.993698</td>\n",
       "      <td>0.986433</td>\n",
       "    </tr>\n",
       "    <tr>\n",
       "      <th>2005</th>\n",
       "      <td>0.796476</td>\n",
       "      <td>0.810025</td>\n",
       "      <td>0.820549</td>\n",
       "      <td>0.831206</td>\n",
       "      <td>0.840487</td>\n",
       "      <td>0.853348</td>\n",
       "      <td>0.863069</td>\n",
       "      <td>0.880909</td>\n",
       "      <td>0.906900</td>\n",
       "      <td>0.923436</td>\n",
       "      <td>0.950048</td>\n",
       "      <td>0.966848</td>\n",
       "      <td>0.969091</td>\n",
       "      <td>0.992569</td>\n",
       "      <td>0.996010</td>\n",
       "      <td>1.000000</td>\n",
       "      <td>0.998369</td>\n",
       "      <td>0.993816</td>\n",
       "    </tr>\n",
       "    <tr>\n",
       "      <th>2006</th>\n",
       "      <td>0.796594</td>\n",
       "      <td>0.810426</td>\n",
       "      <td>0.820372</td>\n",
       "      <td>0.829932</td>\n",
       "      <td>0.837333</td>\n",
       "      <td>0.851412</td>\n",
       "      <td>0.859173</td>\n",
       "      <td>0.876175</td>\n",
       "      <td>0.901889</td>\n",
       "      <td>0.917431</td>\n",
       "      <td>0.944111</td>\n",
       "      <td>0.961059</td>\n",
       "      <td>0.964711</td>\n",
       "      <td>0.988365</td>\n",
       "      <td>0.993698</td>\n",
       "      <td>0.998369</td>\n",
       "      <td>1.000000</td>\n",
       "      <td>0.995445</td>\n",
       "    </tr>\n",
       "    <tr>\n",
       "      <th>2007</th>\n",
       "      <td>0.783882</td>\n",
       "      <td>0.795005</td>\n",
       "      <td>0.805570</td>\n",
       "      <td>0.814537</td>\n",
       "      <td>0.824560</td>\n",
       "      <td>0.836403</td>\n",
       "      <td>0.842412</td>\n",
       "      <td>0.859172</td>\n",
       "      <td>0.885466</td>\n",
       "      <td>0.908658</td>\n",
       "      <td>0.933789</td>\n",
       "      <td>0.953318</td>\n",
       "      <td>0.958411</td>\n",
       "      <td>0.983032</td>\n",
       "      <td>0.986433</td>\n",
       "      <td>0.993816</td>\n",
       "      <td>0.995445</td>\n",
       "      <td>1.000000</td>\n",
       "    </tr>\n",
       "  </tbody>\n",
       "</table>\n",
       "</div>"
      ],
      "text/plain": [
       "          1990      1991      1992      1993      1994      1995      1996  \\\n",
       "1990  1.000000  0.995243  0.993136  0.988361  0.978370  0.974970  0.939603   \n",
       "1991  0.995243  1.000000  0.994514  0.992843  0.981839  0.981038  0.946694   \n",
       "1992  0.993136  0.994514  1.000000  0.995479  0.985419  0.988841  0.953394   \n",
       "1993  0.988361  0.992843  0.995479  1.000000  0.995476  0.993672  0.957075   \n",
       "1994  0.978370  0.981839  0.985419  0.995476  1.000000  0.989377  0.955783   \n",
       "1995  0.974970  0.981038  0.988841  0.993672  0.989377  1.000000  0.962160   \n",
       "1996  0.939603  0.946694  0.953394  0.957075  0.955783  0.962160  1.000000   \n",
       "1997  0.922938  0.933391  0.939430  0.943910  0.943229  0.953388  0.988486   \n",
       "1998  0.910414  0.919907  0.930020  0.932990  0.932789  0.946348  0.977234   \n",
       "1999  0.877108  0.883855  0.893030  0.907153  0.920510  0.919800  0.954736   \n",
       "2000  0.876217  0.884500  0.893332  0.902192  0.910996  0.918617  0.948213   \n",
       "2001  0.851711  0.859716  0.871380  0.879721  0.888867  0.899211  0.928648   \n",
       "2002  0.830585  0.846672  0.851307  0.862921  0.871076  0.884274  0.905454   \n",
       "2003  0.811027  0.825474  0.833879  0.844971  0.855114  0.866674  0.884497   \n",
       "2004  0.805518  0.819661  0.830288  0.839034  0.844902  0.863748  0.871239   \n",
       "2005  0.796476  0.810025  0.820549  0.831206  0.840487  0.853348  0.863069   \n",
       "2006  0.796594  0.810426  0.820372  0.829932  0.837333  0.851412  0.859173   \n",
       "2007  0.783882  0.795005  0.805570  0.814537  0.824560  0.836403  0.842412   \n",
       "\n",
       "          1997      1998      1999      2000      2001      2002      2003  \\\n",
       "1990  0.922938  0.910414  0.877108  0.876217  0.851711  0.830585  0.811027   \n",
       "1991  0.933391  0.919907  0.883855  0.884500  0.859716  0.846672  0.825474   \n",
       "1992  0.939430  0.930020  0.893030  0.893332  0.871380  0.851307  0.833879   \n",
       "1993  0.943910  0.932990  0.907153  0.902192  0.879721  0.862921  0.844971   \n",
       "1994  0.943229  0.932789  0.920510  0.910996  0.888867  0.871076  0.855114   \n",
       "1995  0.953388  0.946348  0.919800  0.918617  0.899211  0.884274  0.866674   \n",
       "1996  0.988486  0.977234  0.954736  0.948213  0.928648  0.905454  0.884497   \n",
       "1997  1.000000  0.990001  0.967060  0.958720  0.943306  0.911087  0.903714   \n",
       "1998  0.990001  1.000000  0.976585  0.976321  0.960125  0.926572  0.924827   \n",
       "1999  0.967060  0.976585  1.000000  0.981751  0.971115  0.941380  0.939084   \n",
       "2000  0.958720  0.976321  0.981751  1.000000  0.989182  0.955910  0.961550   \n",
       "2001  0.943306  0.960125  0.971115  0.989182  1.000000  0.965859  0.977187   \n",
       "2002  0.911087  0.926572  0.941380  0.955910  0.965859  1.000000  0.979886   \n",
       "2003  0.903714  0.924827  0.939084  0.961550  0.977187  0.979886  1.000000   \n",
       "2004  0.890812  0.916041  0.925982  0.953514  0.969632  0.973346  0.994460   \n",
       "2005  0.880909  0.906900  0.923436  0.950048  0.966848  0.969091  0.992569   \n",
       "2006  0.876175  0.901889  0.917431  0.944111  0.961059  0.964711  0.988365   \n",
       "2007  0.859172  0.885466  0.908658  0.933789  0.953318  0.958411  0.983032   \n",
       "\n",
       "          2004      2005      2006      2007  \n",
       "1990  0.805518  0.796476  0.796594  0.783882  \n",
       "1991  0.819661  0.810025  0.810426  0.795005  \n",
       "1992  0.830288  0.820549  0.820372  0.805570  \n",
       "1993  0.839034  0.831206  0.829932  0.814537  \n",
       "1994  0.844902  0.840487  0.837333  0.824560  \n",
       "1995  0.863748  0.853348  0.851412  0.836403  \n",
       "1996  0.871239  0.863069  0.859173  0.842412  \n",
       "1997  0.890812  0.880909  0.876175  0.859172  \n",
       "1998  0.916041  0.906900  0.901889  0.885466  \n",
       "1999  0.925982  0.923436  0.917431  0.908658  \n",
       "2000  0.953514  0.950048  0.944111  0.933789  \n",
       "2001  0.969632  0.966848  0.961059  0.953318  \n",
       "2002  0.973346  0.969091  0.964711  0.958411  \n",
       "2003  0.994460  0.992569  0.988365  0.983032  \n",
       "2004  1.000000  0.996010  0.993698  0.986433  \n",
       "2005  0.996010  1.000000  0.998369  0.993816  \n",
       "2006  0.993698  0.998369  1.000000  0.995445  \n",
       "2007  0.986433  0.993816  0.995445  1.000000  "
      ]
     },
     "execution_count": 11,
     "metadata": {},
     "output_type": "execute_result"
    }
   ],
   "source": [
    "corr"
   ]
  },
  {
   "cell_type": "code",
   "execution_count": 12,
   "id": "d88d02ba",
   "metadata": {},
   "outputs": [
    {
     "data": {
      "text/plain": [
       "<AxesSubplot:>"
      ]
     },
     "execution_count": 12,
     "metadata": {},
     "output_type": "execute_result"
    },
    {
     "data": {
